   vdate    | legnum | ryeas | rnays | rabs | dyeas | dnays | dabs | oyeas | onays | oabs 
------------+--------+-------+-------+------+-------+-------+------+-------+-------+------
 1993-06-01 |   1243 |     1 |     0 |    0 |     2 |     1 |    0 |     0 |     0 |    0
 1993-06-01 |   1244 |     0 |     1 |    0 |     1 |     0 |    1 |     0 |     0 |    0
 1993-06-09 |   1241 |    16 |     4 |    1 |    22 |     8 |    1 |     0 |     0 |    0
 1993-08-01 |   1245 |     0 |     0 |    0 |     1 |     0 |    0 |     0 |     0 |    0
 1993-09-27 |   1242 |    19 |     2 |    0 |    20 |     9 |    2 |     0 |     0 |    0
 1993-10-01 |   1243 |     2 |     0 |    0 |     4 |     0 |    0 |     0 |     0 |    0
 1993-10-11 |   1234 |    12 |     8 |    1 |    17 |    12 |    2 |     0 |     0 |    0
 1994-03-01 |   1240 |    21 |     0 |    0 |    31 |     1 |    0 |     0 |     0 |    0
 1994-03-01 |   1245 |     0 |     0 |   21 |     0 |     0 |   31 |     0 |     0 |    0
 1994-03-02 |   1245 |     0 |    21 |    0 |     1 |    31 |    0 |     0 |     0 |    0
 1994-03-03 |   1245 |     1 |     0 |   16 |     7 |     0 |   19 |     0 |     0 |    0
 1994-03-04 |   1245 |     0 |    21 |    0 |     1 |     0 |   31 |     0 |     0 |    0
 1994-03-05 |   1245 |     0 |     1 |    0 |     3 |     0 |   28 |     0 |     0 |    0
 1994-03-06 |   1243 |     1 |     0 |   20 |     3 |    28 |    0 |     0 |     0 |    0
 1994-03-10 |   1245 |    21 |     0 |    0 |    31 |     0 |    0 |     0 |     0 |    0
 1994-03-22 |   1235 |    15 |     6 |    0 |    19 |    12 |    0 |     0 |     0 |    0
 1994-03-24 |   1236 |    11 |    10 |    0 |    27 |     4 |    0 |     0 |     0 |    0
 1994-05-02 |   1237 |    15 |     6 |    0 |    20 |    11 |    0 |     0 |     0 |    0
 1994-05-02 |   1238 |    20 |     1 |    0 |    17 |    14 |    0 |     0 |     0 |    0
 1994-05-05 |   1239 |    13 |     8 |    0 |    21 |    10 |    0 |     0 |     0 |    0
 1994-06-07 |   1240 |    15 |     6 |    0 |    24 |     7 |    0 |     0 |     0 |    0
 1995-06-08 |   1248 |    20 |     2 |    0 |    30 |     2 |    0 |     0 |     0 |    0
 1997-11-12 |   1247 |     6 |    16 |    0 |     4 |    28 |    0 |     0 |     0 |    0
 1998-10-10 |   1246 |    22 |     0 |    0 |    32 |     0 |    0 |     0 |     0 |    0
(24 rows)

